typedef struct {
 int dpos;
 char band[3];
 float alpha1a;
 float beta1a;
 float v2;
 float v3;
 float dxidl;
 float dyidl;
} STRUCT1;


STRUCT1 1 1A -1.07800 0.528000 -504.793 -319.106 1.13872 -0.363763
STRUCT1 2 1A 0.980000 -0.440000 -502.627 -318.448 -1.02753 0.294924
STRUCT1 3 1A -0.980000 0.440000 -504.684 -319.034 1.02942 -0.291355
STRUCT1 4 1A 1.07800 -0.528000 -502.518 -318.374 -1.13622 0.368474
STRUCT1 5 1A 1.07800 0.528000 -502.663 -319.427 -0.991233 -0.684205
STRUCT1 6 1A -0.980000 -0.440000 -504.559 -318.164 0.904624 0.578383
STRUCT1 7 1A 0.980000 0.440000 -502.748 -319.324 -0.906518 -0.581952
STRUCT1 8 1A -1.07800 -0.528000 -504.643 -318.063 0.988733 0.679495
STRUCT1 9 2A -1.07800 1.58400 -504.943 -320.149 1.30709 -1.05803
STRUCT1 10 2A 0.980000 -1.32000 -502.506 -317.571 -1.13016 1.52079
STRUCT1 11 2A -0.980000 1.44500 -504.826 -320.027 1.19033 -0.935641
STRUCT1 12 2A 1.07800 -1.45800 -502.391 -317.447 -1.24553 1.64454
STRUCT1 13 2A 1.07800 1.58400 -502.808 -320.479 -0.827866 -1.38789
STRUCT1 14 2A -0.980000 -1.32000 -504.434 -317.294 0.798203 1.79712
STRUCT1 15 2A 0.980000 1.44500 -502.886 -320.326 -0.749937 -1.23439
STRUCT1 16 2A -1.07800 -1.45800 -504.511 -317.144 0.875021 1.94727
STRUCT1 17 3A -2.45000 2.21800 -506.394 -320.562 2.02133 -1.76388
STRUCT1 18 3A 1.57600 -0.686000 -502.006 -318.288 -2.36651 0.510436
STRUCT1 19 3A -2.32800 2.02400 -506.245 -320.391 1.87227 -1.59221
STRUCT1 20 3A 1.69800 -0.880000 -501.859 -318.112 -2.51308 0.686804
STRUCT1 21 3A 1.69800 2.21800 -502.280 -321.208 -2.09195 -2.40940
STRUCT1 22 3A -2.32800 -0.686000 -505.852 -317.727 1.47992 1.07107
STRUCT1 23 3A 1.57600 2.02400 -502.375 -320.995 -1.99739 -2.19663
STRUCT1 24 3A -2.45000 -0.880000 -505.944 -317.519 1.57198 1.27914
STRUCT1 25 4A -1.96000 3.16800 -506.045 -321.574 2.91614 -2.08578
STRUCT1 26 4A 2.81800 -1.67200 -500.651 -317.476 -2.47787 2.01150
STRUCT1 27 4A -1.82400 2.84500 -505.863 -321.277 2.73458 -1.78938
STRUCT1 28 4A 2.95400 -1.99400 -500.474 -317.172 -2.65446 2.31601
STRUCT1 29 4A 2.95400 3.16800 -501.161 -322.358 -1.96698 -2.86983
STRUCT1 30 4A -1.82400 -1.67200 -505.214 -316.829 2.08562 2.65917
STRUCT1 31 4A 2.81800 2.84500 -501.254 -322.012 -1.87495 -2.52382
STRUCT1 32 4A -1.96000 -1.99400 -505.301 -316.493 2.17296 2.99509
STRUCT1 33 1A -0.0568125 0.484000 -503.778 -319.214 0.123719 -0.471885
STRUCT1 34 1A 0.0568125 -0.484000 -503.531 -318.270 -0.123598 0.472113
STRUCT1 35 1A 0.0568125 0.484000 -503.666 -319.231 0.0114779 -0.488752
STRUCT1 36 1A -0.0568125 -0.484000 -503.643 -318.254 -0.0115987 0.488525
STRUCT1 37 1A -0.0489999 0.0440000 -503.709 -318.779 0.0545012 -0.0364807
STRUCT1 38 1A 0.0490000 -0.0440000 -503.600 -318.706 -0.0544918 0.0364986
STRUCT1 39 1A 0.0489999 0.0440000 -503.612 -318.793 -0.0422105 -0.0508500
STRUCT1 40 1A -0.0490000 -0.0440000 -503.697 -318.692 0.0422012 0.0508321
STRUCT1 41 2A -0.0489999 0.0695000 -503.713 -318.804 0.0764444 0.287213
STRUCT1 42 2A 0.0490000 -0.0695000 -503.596 -318.681 -0.0396716 0.410804
STRUCT1 43 2A 0.0489999 0.0695000 -503.616 -318.819 -0.0202728 0.272834
STRUCT1 44 2A -0.0490000 -0.0695000 -503.693 -318.666 0.0570159 0.425128
STRUCT1 45 3A -0.0610001 0.0970001 -503.728 -318.830 -0.644187 -0.0313308
STRUCT1 46 3A 0.0609999 -0.0969999 -503.581 -318.655 -0.791667 0.143328
STRUCT1 47 3A 0.0610000 0.0970001 -503.608 -318.848 -0.764597 -0.0492458
STRUCT1 48 3A -0.0610000 -0.0969999 -503.701 -318.637 -0.671308 0.161145
STRUCT1 49 4A -0.0680001 0.161500 -503.744 -318.893 0.615669 0.595130
STRUCT1 50 4A 0.0680000 -0.161500 -503.565 -318.592 0.436358 0.895757
STRUCT1 51 4A 0.0679998 0.161500 -503.610 -318.913 0.481422 0.575123
STRUCT1 52 4A -0.0680001 -0.161500 -503.699 -318.572 0.570509 0.915582
